  5.000000e+00  0.000000e+00
  4.979167e+00  2.083333e-02
  4.958333e+00  4.166667e-02
  4.937500e+00  6.250000e-02
  4.916667e+00  8.333333e-02
  4.895833e+00  1.041667e-01
  4.875000e+00  1.250000e-01
  4.854167e+00  1.250000e-01
  4.833333e+00  1.250000e-01
  4.812500e+00  1.250000e-01
  4.791667e+00  1.250000e-01
  4.770833e+00  1.250000e-01
  4.750000e+00  1.250000e-01
  4.729167e+00  1.250000e-01
  4.708333e+00  1.250000e-01
  4.687500e+00  1.250000e-01
  4.666667e+00  1.250000e-01
  4.645833e+00  1.250000e-01
  4.625000e+00  1.250000e-01
  4.604167e+00  1.250000e-01
  4.583333e+00  1.250000e-01
  4.562500e+00  1.250000e-01
  4.541667e+00  1.250000e-01
  4.520833e+00  1.250000e-01
  4.500000e+00  1.250000e-01
  4.479167e+00  1.250000e-01
  4.458333e+00  1.250000e-01
  4.437500e+00  1.250000e-01
  4.416667e+00  1.250000e-01
  4.395833e+00  1.250000e-01
  4.375000e+00  1.250000e-01
  4.354167e+00  1.250000e-01
  4.333333e+00  1.250000e-01
  4.312500e+00  1.250000e-01
  4.291667e+00  1.250000e-01
  4.270833e+00  1.250000e-01
  4.250000e+00  1.250000e-01
  4.229167e+00  1.250000e-01
  4.208333e+00  1.250000e-01
  4.187500e+00  1.250000e-01
  4.166667e+00  1.250000e-01
  4.145833e+00  1.250000e-01
  4.125000e+00  1.250000e-01
  4.104167e+00  1.250000e-01
  4.083333e+00  1.250000e-01
  4.062500e+00  1.250000e-01
  4.041667e+00  1.250000e-01
  4.020833e+00  1.250000e-01
  4.000000e+00  1.250000e-01
  3.979167e+00  1.250000e-01
  3.958333e+00  1.250000e-01
  3.937500e+00  1.250000e-01
  3.916667e+00  1.250000e-01
  3.895833e+00  1.250000e-01
  3.875000e+00  1.250000e-01
  3.854167e+00  1.250000e-01
  3.833333e+00  1.250000e-01
  3.812500e+00  1.250000e-01
  3.791667e+00  1.250000e-01
  3.770833e+00  1.250000e-01
  3.750000e+00  1.250000e-01
  3.729167e+00  1.250000e-01
  3.708333e+00  1.250000e-01
  3.687500e+00  1.250000e-01
  3.666667e+00  1.250000e-01
  3.645833e+00  1.250000e-01
  3.625000e+00  1.250000e-01
  3.604167e+00  1.250000e-01
  3.583333e+00  1.250000e-01
  3.562500e+00  1.250000e-01
  3.541667e+00  1.250000e-01
  3.520833e+00  1.250000e-01
  3.500000e+00  1.250000e-01
  3.479167e+00  1.250000e-01
  3.458333e+00  1.250000e-01
  3.437500e+00  1.250000e-01
  3.416667e+00  1.250000e-01
  3.395833e+00  1.250000e-01
  3.375000e+00  1.250000e-01
  3.354167e+00  1.250000e-01
  3.333333e+00  1.250000e-01
  3.312500e+00  1.250000e-01
  3.291667e+00  1.250000e-01
  3.270833e+00  1.250000e-01
  3.250000e+00  1.250000e-01
  3.229167e+00  1.250000e-01
  3.208333e+00  1.250000e-01
  3.187500e+00  1.250000e-01
  3.166667e+00  1.250000e-01
  3.145833e+00  1.250000e-01
  3.125000e+00  1.250000e-01
  3.104167e+00  1.250000e-01
  3.083333e+00  1.250000e-01
  3.062500e+00  1.250000e-01
  3.041667e+00  1.250000e-01
  3.020833e+00  1.250000e-01
  3.000000e+00  1.250000e-01
  2.979167e+00  1.250000e-01
  2.958333e+00  1.250000e-01
  2.937500e+00  1.250000e-01
  2.916667e+00  1.250000e-01
  2.895833e+00  1.250000e-01
  2.875000e+00  1.250000e-01
  2.854167e+00  1.250000e-01
  2.833333e+00  1.250000e-01
  2.812500e+00  1.250000e-01
  2.791667e+00  1.250000e-01
  2.770833e+00  1.250000e-01
  2.750000e+00  1.250000e-01
  2.729167e+00  1.250000e-01
  2.708333e+00  1.250000e-01
  2.687500e+00  1.250000e-01
  2.666667e+00  1.250000e-01
  2.645833e+00  1.250000e-01
  2.625000e+00  1.250000e-01
  2.604167e+00  1.250000e-01
  2.583333e+00  1.250000e-01
  2.562500e+00  1.250000e-01
  2.541667e+00  1.250000e-01
  2.520833e+00  1.250000e-01
  2.500000e+00  1.250000e-01
  2.479167e+00  1.250000e-01
  2.458333e+00  1.250000e-01
  2.437500e+00  1.250000e-01
  2.416667e+00  1.250000e-01
  2.395833e+00  1.250000e-01
  2.375000e+00  1.250000e-01
  2.354167e+00  1.250000e-01
  2.333333e+00  1.250000e-01
  2.312500e+00  1.250000e-01
  2.291667e+00  1.250000e-01
  2.270833e+00  1.250000e-01
  2.250000e+00  1.250000e-01
  2.229167e+00  1.250000e-01
  2.208333e+00  1.250000e-01
  2.187500e+00  1.250000e-01
  2.166667e+00  1.250000e-01
  2.145833e+00  1.250000e-01
  2.125000e+00  1.250000e-01
  2.104167e+00  1.250000e-01
  2.083333e+00  1.250000e-01
  2.062500e+00  1.250000e-01
  2.041667e+00  1.250000e-01
  2.020833e+00  1.250000e-01
  2.000000e+00  1.250000e-01
  1.979167e+00  1.250000e-01
  1.958333e+00  1.250000e-01
  1.937500e+00  1.250000e-01
  1.916667e+00  1.250000e-01
  1.895833e+00  1.250000e-01
  1.875000e+00  1.250000e-01
  1.854167e+00  1.250000e-01
  1.833333e+00  1.250000e-01
  1.812500e+00  1.250000e-01
  1.791667e+00  1.250000e-01
  1.770833e+00  1.250000e-01
  1.750000e+00  1.250000e-01
  1.729167e+00  1.250000e-01
  1.708333e+00  1.250000e-01
  1.687500e+00  1.250000e-01
  1.666667e+00  1.250000e-01
  1.645833e+00  1.250000e-01
  1.625000e+00  1.250000e-01
  1.604167e+00  1.250000e-01
  1.583333e+00  1.250000e-01
  1.562500e+00  1.250000e-01
  1.541667e+00  1.250000e-01
  1.520833e+00  1.250000e-01
  1.500000e+00  1.250000e-01
  1.479167e+00  1.250000e-01
  1.458333e+00  1.250000e-01
  1.437500e+00  1.250000e-01
  1.416667e+00  1.250000e-01
  1.395833e+00  1.250000e-01
  1.375000e+00  1.250000e-01
  1.354167e+00  1.250000e-01
  1.333333e+00  1.250000e-01
  1.312500e+00  1.250000e-01
  1.291667e+00  1.250000e-01
  1.270833e+00  1.250000e-01
  1.250000e+00  1.250000e-01
  1.229167e+00  1.250000e-01
  1.208333e+00  1.250000e-01
  1.187500e+00  1.250000e-01
  1.166667e+00  1.250000e-01
  1.145833e+00  1.250000e-01
  1.125000e+00  1.250000e-01
  1.104167e+00  1.250000e-01
  1.083333e+00  1.250000e-01
  1.062500e+00  1.250000e-01
  1.041667e+00  1.250000e-01
  1.020833e+00  1.250000e-01
  1.000000e+00  1.250000e-01
  9.791667e-01  1.250000e-01
  9.583333e-01  1.250000e-01
  9.375000e-01  1.250000e-01
  9.166667e-01  1.250000e-01
  8.958333e-01  1.250000e-01
  8.750000e-01  1.250000e-01
  8.541667e-01  1.250000e-01
  8.333333e-01  1.250000e-01
  8.125000e-01  1.250000e-01
  7.916667e-01  1.250000e-01
  7.708333e-01  1.250000e-01
  7.500000e-01  1.250000e-01
  7.291667e-01  1.250000e-01
  7.083333e-01  1.250000e-01
  6.875000e-01  1.250000e-01
  6.666667e-01  1.250000e-01
  6.458333e-01  1.250000e-01
  6.250000e-01  1.250000e-01
  6.041667e-01  1.250000e-01
  5.833333e-01  1.250000e-01
  5.625000e-01  1.250000e-01
  5.416667e-01  1.250000e-01
  5.208333e-01  1.250000e-01
  5.000000e-01  1.250000e-01
  4.791667e-01  1.250000e-01
  4.583333e-01  1.250000e-01
  4.375000e-01  1.250000e-01
  4.166667e-01  1.250000e-01
  3.958333e-01  1.250000e-01
  3.750000e-01  1.250000e-01
  3.541667e-01  1.250000e-01
  3.333333e-01  1.250000e-01
  3.125000e-01  1.250000e-01
  2.916667e-01  1.250000e-01
  2.708333e-01  1.250000e-01
  2.500000e-01  1.250000e-01
  2.291667e-01  1.250000e-01
  2.083333e-01  1.250000e-01
  1.875000e-01  1.250000e-01
  1.666667e-01  1.250000e-01
  1.458333e-01  1.250000e-01
  1.250000e-01  1.250000e-01
  1.041667e-01  1.041667e-01
  8.333333e-02  8.333333e-02
  6.250000e-02  6.250000e-02
  4.166667e-02  4.166667e-02
  2.083333e-02  2.083333e-02
  0.000000e+00  0.000000e+00
  2.083333e-02  -2.083333e-02
  4.166667e-02  -4.166667e-02
  6.250000e-02  -6.250000e-02
  8.333333e-02  -8.333333e-02
  1.041667e-01  -1.041667e-01
  1.250000e-01  -1.250000e-01
  1.458333e-01  -1.250000e-01
  1.666667e-01  -1.250000e-01
  1.875000e-01  -1.250000e-01
  2.083333e-01  -1.250000e-01
  2.291667e-01  -1.250000e-01
  2.500000e-01  -1.250000e-01
  2.708333e-01  -1.250000e-01
  2.916667e-01  -1.250000e-01
  3.125000e-01  -1.250000e-01
  3.333333e-01  -1.250000e-01
  3.541667e-01  -1.250000e-01
  3.750000e-01  -1.250000e-01
  3.958333e-01  -1.250000e-01
  4.166667e-01  -1.250000e-01
  4.375000e-01  -1.250000e-01
  4.583333e-01  -1.250000e-01
  4.791667e-01  -1.250000e-01
  5.000000e-01  -1.250000e-01
  5.208333e-01  -1.250000e-01
  5.416667e-01  -1.250000e-01
  5.625000e-01  -1.250000e-01
  5.833333e-01  -1.250000e-01
  6.041667e-01  -1.250000e-01
  6.250000e-01  -1.250000e-01
  6.458333e-01  -1.250000e-01
  6.666667e-01  -1.250000e-01
  6.875000e-01  -1.250000e-01
  7.083333e-01  -1.250000e-01
  7.291667e-01  -1.250000e-01
  7.500000e-01  -1.250000e-01
  7.708333e-01  -1.250000e-01
  7.916667e-01  -1.250000e-01
  8.125000e-01  -1.250000e-01
  8.333333e-01  -1.250000e-01
  8.541667e-01  -1.250000e-01
  8.750000e-01  -1.250000e-01
  8.958333e-01  -1.250000e-01
  9.166667e-01  -1.250000e-01
  9.375000e-01  -1.250000e-01
  9.583333e-01  -1.250000e-01
  9.791667e-01  -1.250000e-01
  1.000000e+00  -1.250000e-01
  1.020833e+00  -1.250000e-01
  1.041667e+00  -1.250000e-01
  1.062500e+00  -1.250000e-01
  1.083333e+00  -1.250000e-01
  1.104167e+00  -1.250000e-01
  1.125000e+00  -1.250000e-01
  1.145833e+00  -1.250000e-01
  1.166667e+00  -1.250000e-01
  1.187500e+00  -1.250000e-01
  1.208333e+00  -1.250000e-01
  1.229167e+00  -1.250000e-01
  1.250000e+00  -1.250000e-01
  1.270833e+00  -1.250000e-01
  1.291667e+00  -1.250000e-01
  1.312500e+00  -1.250000e-01
  1.333333e+00  -1.250000e-01
  1.354167e+00  -1.250000e-01
  1.375000e+00  -1.250000e-01
  1.395833e+00  -1.250000e-01
  1.416667e+00  -1.250000e-01
  1.437500e+00  -1.250000e-01
  1.458333e+00  -1.250000e-01
  1.479167e+00  -1.250000e-01
  1.500000e+00  -1.250000e-01
  1.520833e+00  -1.250000e-01
  1.541667e+00  -1.250000e-01
  1.562500e+00  -1.250000e-01
  1.583333e+00  -1.250000e-01
  1.604167e+00  -1.250000e-01
  1.625000e+00  -1.250000e-01
  1.645833e+00  -1.250000e-01
  1.666667e+00  -1.250000e-01
  1.687500e+00  -1.250000e-01
  1.708333e+00  -1.250000e-01
  1.729167e+00  -1.250000e-01
  1.750000e+00  -1.250000e-01
  1.770833e+00  -1.250000e-01
  1.791667e+00  -1.250000e-01
  1.812500e+00  -1.250000e-01
  1.833333e+00  -1.250000e-01
  1.854167e+00  -1.250000e-01
  1.875000e+00  -1.250000e-01
  1.895833e+00  -1.250000e-01
  1.916667e+00  -1.250000e-01
  1.937500e+00  -1.250000e-01
  1.958333e+00  -1.250000e-01
  1.979167e+00  -1.250000e-01
  2.000000e+00  -1.250000e-01
  2.020833e+00  -1.250000e-01
  2.041667e+00  -1.250000e-01
  2.062500e+00  -1.250000e-01
  2.083333e+00  -1.250000e-01
  2.104167e+00  -1.250000e-01
  2.125000e+00  -1.250000e-01
  2.145833e+00  -1.250000e-01
  2.166667e+00  -1.250000e-01
  2.187500e+00  -1.250000e-01
  2.208333e+00  -1.250000e-01
  2.229167e+00  -1.250000e-01
  2.250000e+00  -1.250000e-01
  2.270833e+00  -1.250000e-01
  2.291667e+00  -1.250000e-01
  2.312500e+00  -1.250000e-01
  2.333333e+00  -1.250000e-01
  2.354167e+00  -1.250000e-01
  2.375000e+00  -1.250000e-01
  2.395833e+00  -1.250000e-01
  2.416667e+00  -1.250000e-01
  2.437500e+00  -1.250000e-01
  2.458333e+00  -1.250000e-01
  2.479167e+00  -1.250000e-01
  2.500000e+00  -1.250000e-01
  2.520833e+00  -1.250000e-01
  2.541667e+00  -1.250000e-01
  2.562500e+00  -1.250000e-01
  2.583333e+00  -1.250000e-01
  2.604167e+00  -1.250000e-01
  2.625000e+00  -1.250000e-01
  2.645833e+00  -1.250000e-01
  2.666667e+00  -1.250000e-01
  2.687500e+00  -1.250000e-01
  2.708333e+00  -1.250000e-01
  2.729167e+00  -1.250000e-01
  2.750000e+00  -1.250000e-01
  2.770833e+00  -1.250000e-01
  2.791667e+00  -1.250000e-01
  2.812500e+00  -1.250000e-01
  2.833333e+00  -1.250000e-01
  2.854167e+00  -1.250000e-01
  2.875000e+00  -1.250000e-01
  2.895833e+00  -1.250000e-01
  2.916667e+00  -1.250000e-01
  2.937500e+00  -1.250000e-01
  2.958333e+00  -1.250000e-01
  2.979167e+00  -1.250000e-01
  3.000000e+00  -1.250000e-01
  3.020833e+00  -1.250000e-01
  3.041667e+00  -1.250000e-01
  3.062500e+00  -1.250000e-01
  3.083333e+00  -1.250000e-01
  3.104167e+00  -1.250000e-01
  3.125000e+00  -1.250000e-01
  3.145833e+00  -1.250000e-01
  3.166667e+00  -1.250000e-01
  3.187500e+00  -1.250000e-01
  3.208333e+00  -1.250000e-01
  3.229167e+00  -1.250000e-01
  3.250000e+00  -1.250000e-01
  3.270833e+00  -1.250000e-01
  3.291667e+00  -1.250000e-01
  3.312500e+00  -1.250000e-01
  3.333333e+00  -1.250000e-01
  3.354167e+00  -1.250000e-01
  3.375000e+00  -1.250000e-01
  3.395833e+00  -1.250000e-01
  3.416667e+00  -1.250000e-01
  3.437500e+00  -1.250000e-01
  3.458333e+00  -1.250000e-01
  3.479167e+00  -1.250000e-01
  3.500000e+00  -1.250000e-01
  3.520833e+00  -1.250000e-01
  3.541667e+00  -1.250000e-01
  3.562500e+00  -1.250000e-01
  3.583333e+00  -1.250000e-01
  3.604167e+00  -1.250000e-01
  3.625000e+00  -1.250000e-01
  3.645833e+00  -1.250000e-01
  3.666667e+00  -1.250000e-01
  3.687500e+00  -1.250000e-01
  3.708333e+00  -1.250000e-01
  3.729167e+00  -1.250000e-01
  3.750000e+00  -1.250000e-01
  3.770833e+00  -1.250000e-01
  3.791667e+00  -1.250000e-01
  3.812500e+00  -1.250000e-01
  3.833333e+00  -1.250000e-01
  3.854167e+00  -1.250000e-01
  3.875000e+00  -1.250000e-01
  3.895833e+00  -1.250000e-01
  3.916667e+00  -1.250000e-01
  3.937500e+00  -1.250000e-01
  3.958333e+00  -1.250000e-01
  3.979167e+00  -1.250000e-01
  4.000000e+00  -1.250000e-01
  4.020833e+00  -1.250000e-01
  4.041667e+00  -1.250000e-01
  4.062500e+00  -1.250000e-01
  4.083333e+00  -1.250000e-01
  4.104167e+00  -1.250000e-01
  4.125000e+00  -1.250000e-01
  4.145833e+00  -1.250000e-01
  4.166667e+00  -1.250000e-01
  4.187500e+00  -1.250000e-01
  4.208333e+00  -1.250000e-01
  4.229167e+00  -1.250000e-01
  4.250000e+00  -1.250000e-01
  4.270833e+00  -1.250000e-01
  4.291667e+00  -1.250000e-01
  4.312500e+00  -1.250000e-01
  4.333333e+00  -1.250000e-01
  4.354167e+00  -1.250000e-01
  4.375000e+00  -1.250000e-01
  4.395833e+00  -1.250000e-01
  4.416667e+00  -1.250000e-01
  4.437500e+00  -1.250000e-01
  4.458333e+00  -1.250000e-01
  4.479167e+00  -1.250000e-01
  4.500000e+00  -1.250000e-01
  4.520833e+00  -1.250000e-01
  4.541667e+00  -1.250000e-01
  4.562500e+00  -1.250000e-01
  4.583333e+00  -1.250000e-01
  4.604167e+00  -1.250000e-01
  4.625000e+00  -1.250000e-01
  4.645833e+00  -1.250000e-01
  4.666667e+00  -1.250000e-01
  4.687500e+00  -1.250000e-01
  4.708333e+00  -1.250000e-01
  4.729167e+00  -1.250000e-01
  4.750000e+00  -1.250000e-01
  4.770833e+00  -1.250000e-01
  4.791667e+00  -1.250000e-01
  4.812500e+00  -1.250000e-01
  4.833333e+00  -1.250000e-01
  4.854167e+00  -1.250000e-01
  4.875000e+00  -1.250000e-01
  4.895833e+00  -1.041667e-01
  4.916667e+00  -8.333333e-02
  4.937500e+00  -6.250000e-02
  4.958333e+00  -4.166667e-02
  4.979167e+00  -2.083333e-02
  5.000000e+00  0.000000e+00
